HuggingFaceTB/SmolLM2-135M | T=512 W=128 d'=8 NFIT=256 | index PCA CAUSAL

=== offset 200000 === dense 1.9244
Lb   m   maxip    pca_d8   ecart     frac_cles_lues
 16   1   2.0845   2.1523  +0.0678   0.281
 16   2   2.0297   2.0747  +0.0450   0.312
 16   4   2.0144   2.0450  +0.0306   0.375
 32   1   2.1903   2.2447  +0.0545   0.312
 32   2   2.1394   2.1659  +0.0265   0.375
 32   4   2.1262   2.1405  +0.0143   0.500
 64   1   2.2550   2.2859  +0.0310   0.375
 64   2   2.2182   2.2297  +0.0115   0.500
 64   4   2.2155   2.2167  +0.0012   0.750

=== offset 400000 === dense 2.9936
Lb   m   maxip    pca_d8   ecart     frac_cles_lues
 16   1   3.1022   3.1559  +0.0537   0.281
 16   2   3.0922   3.1169  +0.0248   0.312
 16   4   3.0886   3.0990  +0.0103   0.375
 32   1   3.1565   3.2230  +0.0665   0.312
 32   2   3.1509   3.1531  +0.0022   0.375
 32   4   3.1339   3.1322  -0.0017   0.500
 64   1   3.2651   3.2963  +0.0312   0.375
 64   2   3.2571   3.2657  +0.0086   0.500
 64   4   3.2535   3.2533  -0.0002   0.750
