HuggingFaceTB/SmolLM2-135M | T=512 d'=8 | Lb=4 fixe | index PCA CAUSAL
W    Lb  m   cles  offset  dense   maxip   pca     vs_dense  index
  32    4  40   192       0  2.9144  2.9598  2.9764   +0.0455  +0.0165
  64    4  32   192       0  2.9144  2.9519  2.9732   +0.0375  +0.0213
 128    4  16   192       0  2.9144  2.9579  2.9717   +0.0435  +0.0139
  64    4  48   256       0  2.9144  2.9491  2.9563   +0.0347  +0.0072
 128    4  32   256       0  2.9144  2.9569  2.9659   +0.0426  +0.0090
 256    4   0   256       0  2.9144  3.9854  3.9854   +1.0711  +0.0000
  32    4  40   192  200000  1.9244  1.9522  1.9616   +0.0278  +0.0094
  64    4  32   192  200000  1.9244  1.9599  1.9656   +0.0354  +0.0058
 128    4  16   192  200000  1.9244  1.9336  1.9338   +0.0092  +0.0001
  64    4  48   256  200000  1.9244  1.9615  1.9678   +0.0371  +0.0063
 128    4  32   256  200000  1.9244  1.9353  1.9400   +0.0109  +0.0047
 256    4   0   256  200000  1.9244  2.8931  2.8931   +0.9687  +0.0000
  32    4  40   192  400000  2.9936  3.0024  3.0047   +0.0088  +0.0023
  64    4  32   192  400000  2.9936  3.0060  3.0129   +0.0124  +0.0069
 128    4  16   192  400000  2.9936  3.0033  3.0119   +0.0098  +0.0085
  64    4  48   256  400000  2.9936  3.0008  3.0052   +0.0072  +0.0044
 128    4  32   256  400000  2.9936  2.9944  2.9945   +0.0008  +0.0002
 256    4   0   256  400000  2.9936  4.6570  4.6570   +1.6634  +0.0000

=== moyennes 3 tranches ===
W    Lb  m   cles  vs_dense  index
  32    4  40   192   +0.0274  +0.0094
  64    4  32   192   +0.0285  +0.0113
 128    4  16   192   +0.0208  +0.0075
  64    4  48   256   +0.0263  +0.0060
 128    4  32   256   +0.0181  +0.0046
 256    4   0   256   +1.2344  +0.0000
