Qwen/Qwen2.5-0.5B | T=512 W=128 d'=8 | m*Lb=64 constant | PLANCHER : Lb=1 = selection exacte de 64 cles
Lb   m   nb  offset  dense   maxip   pca     vs_dense  index_cost
  8   8   64       0  2.6767  2.6881  2.6824   +0.0114    -0.0057
  4  16  128       0  2.6767  2.6708  2.6727   -0.0059    +0.0019
  2  32  256       0  2.6767  2.6709  2.6713   -0.0057    +0.0004
  1  64  512       0  2.6767  2.6722  2.6741   -0.0044    +0.0019
  8   8   64  200000  3.6287  3.6872  3.6790   +0.0585    -0.0081
  4  16  128  200000  3.6287  3.6280  3.6167   -0.0007    -0.0113
  2  32  256  200000  3.6287  3.6278  3.6198   -0.0008    -0.0081
  1  64  512  200000  3.6287  3.6261  3.6254   -0.0025    -0.0007

=== moyennes 3 tranches ===
Lb   m   nb   vs_dense  index_cost
  8   8   64   +0.0350    -0.0069
  4  16  128   -0.0033    -0.0047
  2  32  256   -0.0033    -0.0038
  1  64  512   -0.0035    +0.0006
