HuggingFaceTB/SmolLM2-135M | T=512 W=128 d'=8 | m*Lb=64 constant | index PCA CAUSAL
Lb   m   nb  offset  dense   maxip   pca     vs_dense  index_cost
 64   1    8       0  2.9144  3.4667  3.4810   +0.5523    +0.0143
 32   2   16       0  2.9144  3.1855  3.1888   +0.2712    +0.0032
 16   4   32       0  2.9144  3.0728  3.0527   +0.1584    -0.0200
  8   8   64       0  2.9144  2.9971  3.0167   +0.0828    +0.0196
  4  16  128       0  2.9144  2.9579  2.9717   +0.0435    +0.0139
 64   1    8  200000  1.9244  2.2550  2.2859   +0.3305    +0.0310
 32   2   16  200000  1.9244  2.1394  2.1659   +0.2150    +0.0265
 16   4   32  200000  1.9244  2.0144  2.0450   +0.0899    +0.0306
  8   8   64  200000  1.9244  1.9728  1.9740   +0.0484    +0.0011
  4  16  128  200000  1.9244  1.9336  1.9338   +0.0092    +0.0001
 64   1    8  400000  2.9936  3.2651  3.2963   +0.2716    +0.0312
 32   2   16  400000  2.9936  3.1509  3.1531   +0.1573    +0.0022
 16   4   32  400000  2.9936  3.0886  3.0990   +0.0950    +0.0103
  8   8   64  400000  2.9936  3.0407  3.0438   +0.0471    +0.0031
  4  16  128  400000  2.9936  3.0033  3.0119   +0.0098    +0.0085

=== moyennes 3 tranches ===
Lb   m   nb   vs_dense  index_cost
 64   1    8   +0.3848    +0.0255
 32   2   16   +0.2145    +0.0107
 16   4   32   +0.1145    +0.0070
  8   8   64   +0.0594    +0.0080
  4  16  128   +0.0208    +0.0075
