HuggingFaceTB/SmolLM2-135M | Lb=4 d'=8 | fraction lue = 25 % constante
T     W    m   cles  offset  dense    maxip    pca      vs_dense  index
  512   64   16   128       0   2.9144   2.9605   2.9870   +0.0462  +0.0264
  512  128    0   128       0   2.9144   4.7402   4.7402   +1.8259  +0.0000
 1024  128   32   256       0   2.7564   2.7800   2.8154   +0.0236  +0.0354
 1024  256    0   256       0   2.7564   4.1562   4.1562   +1.3999  +0.0000
 2048  256   64   512       0   2.5597   2.5649   2.5693   +0.0052  +0.0043
 2048  512    0   512       0   2.5597   3.8835   3.8835   +1.3237  +0.0000
  512   64   16   128  200000   1.9244   1.9603   1.9804   +0.0359  +0.0202
  512  128    0   128  200000   1.9244   3.6236   3.6236   +1.6992  +0.0000
 1024  128   32   256  200000   1.6324   1.6317   1.6459   -0.0007  +0.0141
 1024  256    0   256  200000   1.6324   2.7153   2.7153   +1.0829  +0.0000
 2048  256   64   512  200000   1.4844   1.4864   1.4893   +0.0020  +0.0029
 2048  512    0   512  200000   1.4844   2.3127   2.3127   +0.8283  +0.0000

=== moyennes 2 tranches ===
T     W    m   cles  vs_dense  index
  512   64   16   128   +0.0410  +0.0233
  512  128    0   128   +1.7625  +0.0000
 1024  128   32   256   +0.0115  +0.0248
 1024  256    0   256   +1.2414  +0.0000
 2048  256   64   512   +0.0036  +0.0036
 2048  512    0   512   +1.0760  +0.0000
