HuggingFaceTB/SmolLM2-135M | T=512 Lb=4 d'=8 | index PCA CAUSAL
W    m   cles  frac   offset  dense   maxip   pca     vs_dense  index
  64   16   128  0.250       0  2.9144  2.9605  2.9870   +0.0462  +0.0264
  32   24   128  0.250       0  2.9144  2.9647  2.9990   +0.0503  +0.0344
 128    0   128  0.250       0  2.9144  4.7402  4.7402   +1.8259  +0.0000
  64   24   160  0.312       0  2.9144  2.9555  2.9768   +0.0411  +0.0213
  32   32   160  0.312       0  2.9144  2.9629  2.9939   +0.0485  +0.0310
 128    8   160  0.312       0  2.9144  2.9637  2.9838   +0.0493  +0.0202
  64   16   128  0.250  200000  1.9244  1.9603  1.9804   +0.0359  +0.0202
  32   24   128  0.250  200000  1.9244  1.9510  1.9687   +0.0266  +0.0177
 128    0   128  0.250  200000  1.9244  3.6236  3.6236   +1.6992  +0.0000
  64   24   160  0.312  200000  1.9244  1.9586  1.9664   +0.0342  +0.0078
  32   32   160  0.312  200000  1.9244  1.9512  1.9553   +0.0268  +0.0040
 128    8   160  0.312  200000  1.9244  1.9402  1.9525   +0.0157  +0.0124
  64   16   128  0.250  400000  2.9936  3.0209  3.0404   +0.0273  +0.0195
  32   24   128  0.250  400000  2.9936  3.0150  3.0297   +0.0214  +0.0147
 128    0   128  0.250  400000  2.9936  4.4994  4.4994   +1.5059  +0.0000
  64   24   160  0.312  400000  2.9936  3.0126  3.0245   +0.0190  +0.0119
  32   32   160  0.312  400000  2.9936  3.0073  3.0104   +0.0137  +0.0032
 128    8   160  0.312  400000  2.9936  3.0167  3.0245   +0.0231  +0.0078

=== moyennes 3 tranches ===
W    m   cles  frac   vs_dense  index
  64   16   128  0.250   +0.0365  +0.0220
  32   24   128  0.250   +0.0328  +0.0223
 128    0   128  0.250   +1.6770  +0.0000
  64   24   160  0.312   +0.0315  +0.0137
  32   32   160  0.312   +0.0297  +0.0127
 128    8   160  0.312   +0.0294  +0.0134
