gpt2 | T=512 d'=8 | index PCA CAUSAL (pas de RoPE)
W    Lb  m   cles  frac   offset  dense   maxip   pca     vs_dense  index
 128   64   1   192  0.375       0  0.4425  0.4863  0.4880   +0.0438  +0.0017
 128   32   2   192  0.375       0  0.4425  0.4550  0.4647   +0.0125  +0.0097
 128    4  16   192  0.375       0  0.4425  0.4472  0.4482   +0.0046  +0.0010
  64    4  16   128  0.250       0  0.4425  0.4540  0.4538   +0.0114  -0.0002
 128    4   0   128  0.250       0  0.4425  0.6101  0.6101   +0.1676  +0.0000
 128   64   1   192  0.375  200000  3.4105  4.1662  4.1481   +0.7557  -0.0181
 128   32   2   192  0.375  200000  3.4105  3.8297  3.7856   +0.4191  -0.0440
 128    4  16   192  0.375  200000  3.4105  3.3977  3.3814   -0.0128  -0.0163
  64    4  16   128  0.250  200000  3.4105  3.4388  3.4234   +0.0283  -0.0155
 128    4   0   128  0.250  200000  3.4105  6.0886  6.0886   +2.6781  +0.0000

=== moyennes 2 tranches ===
W    Lb  m   cles  frac   vs_dense  index
 128   64   1   192  0.375   +0.3997  -0.0082
 128   32   2   192  0.375   +0.2158  -0.0172
 128    4  16   192  0.375   -0.0041  -0.0077
  64    4  16   128  0.250   +0.0199  -0.0078
 128    4   0   128  0.250   +1.4228  +0.0000
