gpt2 | banc induction | budget adaptatif (seuil tau * meilleur score, plafond m) | S = masse retenue
m     tau   nblk   perte      Delta     pic%   S       L1
---  dense  ---    0.06211  ---       ---     ---     ---
   8   0.0   8.00    0.75727  +0.69516   87.4  0.7670  0.4661
   8   0.3   7.51    0.75728  +0.69517   86.6  0.7579  0.4842
   8   0.5   6.47    1.13395  +1.07184   84.7  0.7359  0.5281
   8   0.7   5.31    1.84764  +1.78553   81.5  0.7075  0.5850
   8   0.9   2.87    2.48173  +2.41962   68.6  0.6154  0.7691
   8   1.0   1.00    2.81769  +2.75558   58.5  0.5376  0.9247
  16   0.0  16.00    0.28764  +0.22553   94.4  0.8564  0.2873
  16   0.3  13.59    0.32115  +0.25905   93.6  0.8314  0.3372
  16   0.5  10.18    0.96406  +0.90195   89.8  0.7805  0.4391
  16   0.7   6.71    1.78118  +1.71907   84.2  0.7302  0.5397
  16   0.9   2.99    2.49262  +2.43051   68.7  0.6191  0.7618
  16   1.0   1.00    2.81769  +2.75558   58.5  0.5376  0.9247
  24   0.0  24.00    0.10020  +0.03809   97.1  0.9134  0.1732
  24   0.3  17.55    0.22379  +0.16168   95.3  0.8675  0.2649
  24   0.5  11.75    0.81772  +0.75561   90.6  0.7954  0.4092
  24   0.7   7.04    1.81640  +1.75429   84.7  0.7344  0.5311
  24   0.9   3.07    2.46986  +2.40775   68.7  0.6204  0.7591
  24   1.0   1.00    2.81769  +2.75558   58.5  0.5376  0.9247

correlations avec Delta_loss :
1-pic%   Pearson=+0.955 Spearman=+0.971
S        Pearson=-0.969 Spearman=-0.971
L1       Pearson=+0.969 Spearman=+0.979
