HuggingFaceTB/SmolLM2-135M | grille (T,W) | offset 0
T     W    out_mass  eff   top1   f10    f32    argmax_par_decile(1..10)
  512  128   0.5521  15.40 0.6748 0.9657 0.9695 0.961 0.009 0.000 0.001 0.003 0.002 0.003 0.004 0.010 0.008
      profil distance : 0.7144 0.0341 0.0435 0.0336 0.0294 0.0267 0.0246 0.0274 0.0315 0.0349
 1024  128   0.5634  30.10 0.6551 0.9652 0.9669 0.964 0.004 0.001 0.002 0.003 0.005 0.003 0.003 0.005 0.012
      profil distance : 0.7164 0.0558 0.0311 0.0281 0.0250 0.0226 0.0213 0.0270 0.0315 0.0411
 2048  128   0.5881  59.39 0.5678 0.9170 0.9178 0.916 0.002 0.000 0.001 0.009 0.023 0.010 0.005 0.007 0.026
      profil distance : 0.6333 0.0406 0.0258 0.0184 0.0192 0.0341 0.0395 0.0466 0.0601 0.0824
 2048  256   0.5334  52.90 0.6081 0.9165 0.9176 0.916 0.002 0.001 0.001 0.002 0.026 0.016 0.011 0.007 0.019
      profil distance : 0.6755 0.0444 0.0277 0.0195 0.0164 0.0300 0.0351 0.0438 0.0475 0.0600
