HuggingFaceTB/SmolLM2-135M | T=512 W=128 | p >= 192 (trou hors position 0)
Lb   taille_moy  masse_trou   perte_mesuree  perte/masse
  2       0.500     0.000299                          
  4       1.500     0.001113         0.0208      18.69
  8       3.500     0.002343         0.0594      25.36
 16       7.500     0.006510         0.1145      17.59
 32      15.500     0.013912         0.2145      15.42
 64      31.500     0.031331         0.3848      12.28

kappa = 11.682 nat/masse ; c = +0.02981 ; R2 = 0.986165
points (masse, perte) : [(0.00111, 0.0208), (0.00234, 0.0594), (0.00651, 0.1145), (0.01391, 0.2145), (0.03133, 0.3848)]

distance  dans_fenetre  derriere_fenetre
       1     0.04746437       0.00071527
       2     0.06166010       0.00073970
       3     0.03459024       0.00075153
       4     0.02132712       0.00077596
       5     0.01678909       0.00076976
       6     0.01432145       0.00079293
       7     0.01204949       0.00079953
       8     0.00975448       0.00076399
       9     0.00801135       0.00091995
      10     0.00689996       0.00080006
      11     0.00635811       0.00067651
      12     0.00640820       0.00063990
      13     0.00618944       0.00063008
      14     0.00556623       0.00072790
      15     0.00483636       0.00076899
      16     0.00412676       0.00073342
      17     0.00372018       0.00078806
      18     0.00375611       0.00082149
      19     0.00366796       0.00083240
      20     0.00384592       0.00072674
      21     0.00385173       0.00078912
      22     0.00340351       0.00072870
      23     0.00293028       0.00080824
      24     0.00259752       0.00089138
      25     0.00280571       0.00088539
      26     0.00305552       0.00079341
      27     0.00369794       0.00085064
      28     0.00324950       0.00088192
      29     0.00249496       0.00090326
      30     0.00203716       0.00094673
      31     0.00186996       0.00089221
      32     0.00227191       0.00089665
      33     0.00194002       0.00090127
      34     0.00167524       0.00090581
      35     0.00168924       0.00094799
      36     0.00151004       0.00096524
      37     0.00163321       0.00100640
      38     0.00184054       0.00092717
      39     0.00193235       0.00082088
      40     0.00190783       0.00076174
      41     0.00169096       0.00079254
      42     0.00141004       0.00079055
      43     0.00133179       0.00083342
      44     0.00124416       0.00082487
      45     0.00131898       0.00087090
      46     0.00132510       0.00083019
      47     0.00120861       0.00069285
      48     0.00112930       0.00074415
      49     0.00107361       0.00067525
      50     0.00112557       0.00068583
      51     0.00114145       0.00069420
      52     0.00117384       0.00073773
      53     0.00120459       0.00073398
      54     0.00127918       0.00086606
      55     0.00125579       0.00089184
      56     0.00120591       0.00095416
      57     0.00122055       0.00095976
      58     0.00116659       0.00115088
      59     0.00105476       0.00171732
      60     0.00096064       0.00218705
      61     0.00091730       0.00158735
      62     0.00090032       0.00102898
      63     0.00091384       0.00093462
      64     0.00098664       0.00096073
